13 13
11 93 39 9 8 15 83 1 14 37 10 5 38
1 88 39 13 72 15 13 86 38 86 97 10 69
73 33 12 80 85 47 43 7 67 28 70 42 98
61 88 62 66 95 3 9 6 73 75 15 98 3
78 27 47 99 66 16 85 59 13 30 55 97 68
69 74 48 97 78 92 21 97 27 9 93 100 21
38 18 89 23 44 91 27 96 44 65 43 58 83
41 67 37 54 38 37 43 100 71 32 53 53 64
54 46 78 28 92 94 93 6 5 3 55 85 56
24 16 77 35 97 88 75 39 60 64 70 53 93
63 68 41 47 46 71 26 19 1 43 2 90 17
84 16 90 53 25 17 49 62 74 59 46 90 82
38 69 12 24 15 41 4 5 84 11 37 55 33
13 13 3 5 13 9 7 2 2 5 3 10 13