18 9
71 100 65 18 48 51 49 83 62
9 76 55 48 95 3 4 28 8
63 78 9 50 16 78 16 26 63
9 57 1 3 20 82 69 68 29
30 9 96 22 24 87 37 59 97
74 43 58 37 84 23 26 20 96
90 33 69 13 4 25 20 32 28
1 60 54 8 24 72 17 28 97
90 71 60 73 46 100 93 66 81
6 5 12 59 19 93 8 23 34
80 90 19 3 70 32 7 4 30
40 63 89 30 13 1 46 6 72
22 81 52 3 3 88 85 81 79
97 89 5 35 50 86 75 84 74
30 48 91 90 93 80 51 34 57
10 34 15 1 75 52 24 25 59
11 94 40 47 83 90 18 36 27
27 50 97 60 45 93 87 2 65
1 3 8 3 9 2 1 7 3 5 5 2 3 1 5 2 9 1